Test Input:

 2345689   234568     7    |  34568      1      23689  |  234568   345689    2458  
 2345689  1234568  1234569 |  345678  23456789  236789 | 2345678  3456789   124578 
 2345689  1234568  1234569 |  345678  23456789  236789 | 2345678  3456789   124578 
---------------------------+---------------------------+---------------------------
    36       9        8    |    1        36       5    |    47       2        47   
   567      567       56   |    2       678       4    |    9        1        3    
    1        24       24   |    9        37       37   |    58       58       6    
---------------------------+---------------------------+---------------------------
 23456789 12345678 1234569 |  345678  23456789 1236789 | 2345678   345678   24578  
 23456789 12345678 1234569 |  345678  23456789 1236789 | 2345678   345678   24578  
 2345678  2345678   23456  |  345678  2345678   23678  |    1      345678     9    


My output:

 2345689   234568     7    |  34568      1      23689  |  234568   345689    2458  
 2345689  1234568  1234569 |  345678  23456789  236789 | 2345678  3456789   124578 
 2345689  1234568  1234569 |  345678  23456789  236789 | 2345678  3456789   124578 
---------------------------+---------------------------+---------------------------
    36       9        8    |    1        36       5    |    47       2        47   
   567      567       56   |    2        68       4    |    9        1        3    
    1        24       24   |    9        37       37   |    58       58       6    
---------------------------+---------------------------+---------------------------
 23456789 12345678 1234569 |  345678  23456789 1236789 | 2345678   345678   24578  
 23456789 12345678 1234569 |  345678  23456789 1236789 | 2345678   345678   24578  
 2345678  2345678   23456  |  345678  2345678   23678  |    1      345678     9    

